image_width: 640
image_height: 480
camera_name: depth
camera_matrix:
  rows: 3
  cols: 3
  data: [477.857055, 0.000000, 323.415001, 0.000000, 473.473479, 239.638716, 0, 0, 1]
distortion_model: plumb_bob
distortion_coefficients:
  rows: 1
  cols: 5
  data: [-0.157530, 0.013611, -0.000149, 0.002005, 0.000000]
rectification_matrix:
  rows: 3
  cols: 3
  data: [1, 0, 0, 0, 1, 0, 0, 0, 1]
projection_matrix:
  rows: 3
  cols: 4
  data: [439.016724, 0.000000, 325.399182, 0.000000, 0.000000, 452.083740, 239.039656, 0.000000, 0, 0, 1, 0]
