# Calbration constants for joints [f1, f2, f3, preshape]
encoder_zero_reference: [2.78627, 3.67833, 0.121576]
motor_zero_reference: [1.02574, 3.47901, 1.00996, 2.56749]
